t, sec	data
0.0	8.402772151898734
0.34110289937464466	9.669007383966244
0.6822057987492893	10.507718354430379
1.023308698123934	8.712170886075949
1.3644115974985787	9.652616033755274
1.7055144968732234	9.126410337552743
2.046617396247868	8.961794303797468
2.387720295622513	11.533410337552743
2.7288231949971573	12.250147679324895
3.069926094371802	10.386722573839663
3.411028993746447	8.12215611814346
3.7521318931210916	10.034573839662448
4.093234792495736	9.092720464135022
4.434337691870381	11.836282700421942
4.775440591245026	10.950600210970464
5.11654349061967	8.497381856540084
5.457646389994315	15.00136181434599
5.79874928936896	12.33470358649789
6.139852188743604	9.53240717299578
6.480955088118249	7.830303797468354
6.822057987492894	11.024440928270042
7.163160886867538	8.9042194092827
7.504263786242183	8.815088607594937
7.845366685616828	9.68957805907173
8.186469584991473	10.881869198312236
8.527572484366118	9.238661392405064
8.868675383740761	9.42270358649789
9.209778283115407	8.860054852320674
9.550881182490052	12.202058016877636
9.891984081864695	9.99490717299578
10.23308698123934	14.464831223628693
10.574189880613986	9.4353111814346
10.91529277998863	14.866470464135022
11.256395679363274	14.976289029535865
11.59749857873792	8.393345991561182
11.938601478112565	8.533804852320674
12.279704377487208	11.345845991561182
12.620807276861854	10.868215189873418
12.961910176236499	7.79295253164557
13.303013075611142	9.947122362869198
13.644115974985787	8.891475738396624
13.985218874360433	11.70402953586498
14.326321773735076	7.881617088607595
14.667424673109721	8.734677215189873
15.008527572484367	11.893138185654008
15.349630471859012	8.686790084388186
15.690733371233655	7.9787805907172995
16.0318362706083	8.681945147679325
16.372939169982946	12.526825949367089
16.71404206935759	8.459870253164556
17.055144968732236	10.660289029535864
17.39624786810688	11.132901898734177
17.737350767481523	8.252701476793249
18.07845366685617	9.353184599156117
18.419556566230813	13.118
18.760659465605457	9.12067088607595
19.101762364980104	9.858306962025317
19.442865264354747	11.988817510548524
19.78396816372939	9.441102320675105
20.125071063104038	12.768735232067511
20.46617396247868	10.402698312236287
20.807276861853325	8.307040084388186
21.14837976122797	10.426354430379746
21.489482660602615	8.847477848101265
21.83058555997726	9.92714029535865
22.171688459351905	7.893361814345991
22.51279135872655	8.337901898734177
22.853894258101192	10.226572784810127
23.19499715747584	9.565242616033755
23.536100056850483	11.864290084388186
23.87720295622513	9.48237552742616
24.218305855599773	8.983675105485233
24.559408754974417	18.05958122362869
24.900511654349064	9.382524261603375
25.241614553723707	9.566132911392405
25.58271745309835	9.504263713080169
25.923820352472998	9.29901371308017
26.26492325184764	10.283934599156119
26.606026151222284	8.726154008438819
26.94712905059693	10.905449367088607
27.288231949971575	7.926081223628692
27.62933484934622	8.082542194092827
27.970437748720865	9.486715189873419
28.31154064809551	8.397214135021096
28.652643547470152	10.091032700421941
28.9937464468448	8.018850210970465
29.334849346219443	8.150351265822785
29.675952245594086	9.259933544303797
30.017055144968733	9.113324894514768
30.358158044343377	9.056939873417722
30.699260943718023	7.655553797468355
31.040363843092667	11.02788924050633
31.38146674246731	9.457955696202532
31.722569641841957	10.131104430379747
32.0636725412166	11.194478902953586
32.404775440591244	10.584689873417721
32.74587833996589	9.345416666666667
33.08698123934053	7.65584388185654
33.42808413871518	8.811007383966245
33.769187038089825	12.938304852320675
34.11028993746447	10.314570675105486
34.45139283683911	9.2409694092827
34.79249573621376	9.238795358649789
35.133598635588406	7.998287974683544
35.474701534963046	8.56398417721519
35.81580443433769	10.02204535864979
36.15690733371234	7.634383966244726
36.49801023308698	8.923221518987342
36.83911313246163	10.719023206751055
37.180216031836274	10.282904008438818
37.521318931210914	8.353651898734178
37.86242183058556	8.982658227848102
38.20352472996021	8.644299578059071
38.54462762933485	8.943120253164556
38.885730528709495	9.532994725738396
39.22683342808414	7.643855485232067
39.56793632745878	9.440020042194092
39.90903922683343	12.689792194092828
40.250142126208075	11.16092088607595
40.591245025582715	9.809697257383966
40.93234792495736	10.563310126582278
41.27345082433201	9.506335443037974
41.61455372370665	16.35910759493671
41.955656623081296	9.071183544303798
42.29675952245594	10.011239451476794
42.63786242183058	9.985298523206751
42.97896532120523	9.916666666666666
43.32006822057988	9.952188818565402
43.66117111995452	9.057573839662448
44.002274019329164	9.866445147679325
44.34337691870381	9.24276582278481
44.68447981807845	11.128095991561182
45.0255827174531	9.46360759493671
45.366685616827745	9.730880801687764
45.707788516202385	8.772564345991562
46.04889141557703	10.06457911392405
46.38999431495168	8.95201582278481
46.731097214326326	10.472552742616033
47.072200113700966	8.42421835443038
47.41330301307561	10.04773628691983
47.75440591245026	10.013536919831223
48.0955088118249	8.638102320675106
48.43661171119955	10.666933544303797
48.77771461057419	7.399790084388186
49.11881750994883	10.016438818565401
49.45992040932348	8.625239451476792
49.80102330869813	8.405900843881856
50.14212620807277	8.366978902953587
50.483229107447414	12.520600210970464
50.82433200682206	9.246997890295358
51.1654349061967	9.044924050632911
51.50653780557135	9.957629746835442
51.847640704945995	9.44342088607595
52.188743604320635	7.950453586497891
52.52984650369528	8.72207805907173
52.87094940306993	8.767525316455696
53.21205230244457	8.485239451476794
53.553155201819216	10.185541139240506
53.89425810119386	10.432492616033755
54.2353610005685	7.868152953586498
54.57646389994315	7.734591772151899
54.9175667993178	8.745336497890296
55.25866969869244	8.42895358649789
55.599772598067084	11.475197257383966
55.94087549744173	9.087525316455697
56.28197839681637	8.126196202531645
56.62308129619102	8.844460970464135
56.964184195565664	9.478840717299578
57.305287094940304	9.053503164556963
57.64638999431495	8.530966244725738
57.9874928936896	8.42059388185654
58.32859579306424	11.810724683544304
58.669698692438885	9.026401898734177
59.01080159181353	9.042253164556962
59.35190449118817	8.687429324894515
59.69300739056282	8.331197257383966
60.034110289937466	8.25888924050633
60.37521318931211	7.228404008438819
60.71631608868675	8.078241561181434
61.0574189880614	9.885356540084388
61.39852188743605	8.252300632911393
61.73962478681069	10.717675105485233
62.080727686185334	9.8804082278481
62.42183058555998	11.097963080168777
62.76293348493462	9.520482067510548
63.10403638430927	9.015246835443039
63.445139283683915	8.862286919831224
63.786242183058555	7.762797468354431
64.1273450824332	8.126725738396624
64.46844798180784	13.214148734177215
64.80955088118249	13.573381856540085
65.15065378055714	11.966990506329115
65.49175667993178	9.330880801687764
65.83285957930643	7.302604430379747
66.17396247868106	9.735793248945148
66.51506537805571	11.271727848101266
66.85616827743036	8.07318670886076
67.197271176805	7.944357594936709
67.53837407617965	13.435810126582279
67.8794769755543	8.124849156118144
68.22057987492894	6.765527426160338
68.56168277430358	8.23068776371308
68.90278567367822	7.818048523206751
69.24388857305287	6.232229957805907
69.58499147242752	10.806505274261603
69.92609437180217	22.321707805907174
70.26719727117681	14.765089662447258
70.60830017055144	24.22211075949367
70.94940306992609	26.443164556962024
71.29050596930074	29.54114556962025
71.63160886867539	28.802681434599155
71.97271176805003	27.383774261603374
72.31381466742468	28.522007383966244
72.65491756679931	27.90265611814346
72.99602046617396	38.30789135021097
73.3371233655486	27.528119198312236
73.67822626492325	29.688820675105486
74.0193291642979	27.159822784810128
74.36043206367255	27.799479957805907
74.70153496304718	29.477441983122365
75.04263786242183	26.622849156118143
75.38374076179647	40.88427426160337
75.72484366117112	35.863962025316454
76.06594656054577	36.93496202531646
76.40704945992042	35.00865400843882
76.74815235929505	38.137776371308014
77.0892552586697	36.03825738396625
77.43035815804434	36.58642510548523
77.77146105741899	35.86701898734177
78.11256395679364	58.57596202531646
78.45366685616828	41.62316877637131
78.79476975554292	41.267428270042195
79.13587265491756	43.16743037974683
79.47697555429221	41.94929641350211
79.81807845366686	44.03943670886076
80.1591813530415	47.229845991561184
80.50028425241615	55.45830801687764
80.8413871517908	57.11195569620253
81.18249005116543	59.03270147679325
81.52359295054008	59.423072784810124
81.86469584991472	65.3498312236287
82.20579874928937	76.09651160337553
82.54690164866402	72.62164135021096
82.88800454803867	65.33987447257384
83.2291074474133	71.00389556962025
83.57021034678795	77.14990717299578
83.91131324616259	77.02892616033755
84.25241614553724	75.00604430379747
84.59351904491189	79.42460548523206
84.93462194428653	88.86500632911392
85.27572484366117	88.89602953586498
85.61682774303581	85.755805907173
85.95793064241046	85.76930696202531
86.2990335417851	85.33193248945148
86.64013644115975	85.31477742616033
86.9812393405344	85.55749894514769
87.32234223990903	89.22457700421941
87.66344513928368	99.73320675105485
88.00454803865833	98.64244303797469
88.34565093803297	97.07092299578059
88.68675383740762	96.27843248945148
89.02785673678227	102.12765611814346
89.3689596361569	106.64112763713081
89.71006253553155	107.55731223628692
90.0511654349062	105.26558966244725
90.39226833428084	104.99608755274262
90.73337123365549	104.07189556962025
91.07447413303014	105.51972362869198
91.41557703240477	114.06589767932489
91.75667993177942	109.47356012658229
92.09778283115406	110.93866139240507
92.43888573052871	109.36199894514768
92.77998862990336	110.60441455696203
93.121091529278	111.7310305907173
93.46219442865265	113.88561286919831
93.80329732802728	112.49504008438818
94.14440022740193	114.68889451476794
94.48550312677658	115.17076687763713
94.82660602615123	114.40430907172995
95.16770892552587	118.63132805907173
95.50881182490052	122.96510021097046
95.84991472427515	121.87571624472574
96.1910176236498	124.49910970464136
96.53212052302445	124.83331434599157
96.8732234223991	126.63454746835443
97.21432632177374	131.5515147679325
97.55542922114839	126.63654746835444
97.89653212052302	128.85189135021096
98.23763501989767	128.902973628692
98.57873791927231	130.16786392405064
98.91984081864696	131.8216065400844
99.26094371802161	131.12731434599155
99.60204661739625	134.81152742616032
99.94314951677089	134.87324894514768
100.28425241614553	135.62039662447256
100.62535531552018	135.1987246835443
100.96645821489483	138.31377848101266
101.30756111426948	135.13779430379748
101.64866401364412	137.54325105485233
101.98976691301876	136.51655907172994
102.3308698123934	137.9016729957806
102.67197271176805	135.4715105485232
103.0130756111427	136.78251160337553
103.35417851051734	139.7491276371308
103.69528140989199	141.28760337552742
104.03638430926662	143.80294936708862
104.37748720864127	145.48444303797467
104.71859010801592	144.7717099156118
105.05969300739056	144.3906276371308
105.40079590676521	146.2142341772152
105.74189880613986	146.71084388185653
106.08300170551449	149.14834915611814
106.42410460488914	148.88327004219408
106.76520750426378	149.56050632911393
107.10631040363843	149.2772552742616
107.44741330301308	149.57262552742617
107.78851620238773	150.3581329113924
108.12961910176237	151.7416635021097
108.470722001137	151.28786603375528
108.81182490051165	151.2987299578059
109.1529277998863	150.6953776371308
109.49403069926095	151.03091455696202
109.8351335986356	150.5904989451477
110.17623649801024	155.08521518987342
110.51733939738487	154.5275464135021
110.85844229675952	153.2868217299578
111.19954519613417	154.4871635021097
111.54064809550881	155.1119905063291
111.88175099488346	154.89850632911393
112.22285389425811	156.5018924050633
112.56395679363274	156.3948565400844
112.90505969300739	155.76620569620252
113.24616259238203	156.53613502109704
113.58726549175668	156.46715084388185
113.92836839113133	156.8767710970464
114.26947129050598	155.91334071729958
114.61057418988061	158.14071624472575
114.95167708925526	155.98125632911393
115.2927799886299	155.67109282700423
115.63388288800455	155.26249261603377
115.9749857873792	155.6069905063291
116.31608868675384	155.35139451476795
116.65719158612848	155.6272605485232
116.99829448550312	154.460973628692
117.33939738487777	154.76004219409282
117.68050028425242	156.28508016877637
118.02160318362706	160.56929324894514
118.36270608300171	157.30857278481014
118.70380898237634	157.86571729957805
119.04491188175099	158.803279535865
119.38601478112564	158.32492405063292
119.72711768050029	158.35185548523208
120.06822057987493	159.10795569620254
120.40932347924958	159.79442721518987
120.75042637862423	162.1739789029536
121.09152927799886	163.054917721519
121.4326321773735	162.969055907173
121.77373507674815	163.63209810126583
122.1148379761228	163.48399156118143
122.45594087549745	163.31562869198314
122.7970437748721	163.67793037974684
123.13814667424673	162.74323312236288
123.47924957362137	164.25254746835444
123.82035247299602	164.21569514767933
124.16145537237067	163.85681856540086
124.50255827174531	164.96702109704643
124.84366117111996	164.09316455696202
125.1847640704946	164.70046624472573
125.52586696986924	164.06046202531647
125.86696986924389	165.1210253164557
126.20807276861854	163.94880696202532
126.54917566799318	163.98675738396625
126.89027856736783	163.73197890295359
127.23138146674246	163.59042721518986
127.57248436611711	163.14680379746835
127.91358726549176	162.98278691983123
128.2546901648664	162.63632383966245
128.59579306424104	163.60684282700421
128.93689596361568	163.99836919831225
129.27799886299033	163.5378217299578
129.61910176236498	163.33205907172996
129.96020466173962	163.19504008438818
130.30130756111427	163.21793037974683
130.64241046048892	163.28207067510547
130.98351335986357	163.09216139240507
131.3246162592382	162.85799683544303
131.66571915861286	162.9269293248945
132.0068220579875	163.09178691983124
132.34792495736212	163.57633544303798
132.68902785673677	164.01021624472574
133.03013075611142	164.07504219409282
133.37123365548607	163.83400843881856
133.7123365548607	165.66202637130803
134.05343945423536	165.27248839662448
134.39454235361	166.33420675105486
134.73564525298465	166.11862025316455
135.0767481523593	165.9997352320675
135.41785105173395	166.62508227848102
135.7589539511086	165.6933364978903
136.10005685048324	165.53349789029537
136.4411597498579	165.09627637130802
136.7822626492325	165.0501898734177
137.12336554860715	164.83798523206752
137.4644684479818	164.6177900843882
137.80557134735645	164.91693670886076
138.1466742467311	164.0660864978903
138.48777714610574	164.01824367088608
138.8288800454804	163.94597362869197
139.16998294485504	163.13657489451478
139.51108584422968	163.40359388185655
139.85218874360433	162.69641455696203
140.19329164297898	162.37507489451477
140.53439454235362	162.39427637130802
140.87549744172824	162.58676793248947
141.2166003411029	162.83613185654008
141.55770324047754	163.28841561181434
141.89880613985218	162.9952088607595
142.23990903922683	163.00942088607596
142.58101193860148	162.91283966244725
142.92211483797612	163.47014029535865
143.26321773735077	163.44194620253165
143.60432063672542	163.9946888185654
143.94542353610007	163.77967721518988
144.2865264354747	163.76591033755275
144.62762933484936	163.37154746835444
144.96873223422398	164.71066455696203
145.30983513359863	164.69541350210972
145.65093803297327	163.98975210970465
145.99204093234792	164.3621582278481
146.33314383172257	164.300888185654
146.6742467310972	164.55866455696201
147.01534963047186	164.10699894514767
147.3564525298465	164.081276371308
147.69755542922115	164.3889229957806
148.0386583285958	163.59771202531647
148.37976122797045	163.25066666666666
148.7208641273451	163.57496202531647
149.06196702671974	163.74619198312237
149.40306992609436	162.8967035864979
149.744172825469	162.9925305907173
150.08527572484365	162.8134630801688
150.4263786242183	162.15411497890295
150.76748152359295	162.08252848101264
151.1085844229676	162.4121888185654
151.44968732234224	161.97118143459915
151.7907902217169	162.12526371308016
152.13189312109154	162.39902109704641
152.47299602046618	163.04303902953586
152.81409891984083	163.39382383966245
153.15520181921548	161.61611603375528
153.4963047185901	161.90754219409283
153.83740761796474	162.0080052742616
154.1785105173394	161.54078481012658
154.51961341671404	160.94722257383967
154.86071631608868	161.42504957805906
155.20181921546333	161.11049156118145
155.54292211483798	162.10251160337552
155.88402501421263	161.27801687763713
156.22512791358727	160.91744198312236
156.56623081296192	161.3732605485232
156.90733371233657	161.54526160337554
157.2484366117112	160.89589556962025
157.58953951108583	161.12576265822784
157.93064241046048	160.76572362869197
158.27174530983513	161.58205274261604
158.61284820920977	161.04981962025317
158.95395110858442	160.56148312236286
159.29505400795907	160.12378691983122
159.6361569073337	160.0625
159.97725980670836	160.37700316455695
160.318362706083	159.94493143459917
160.65946560545765	159.94612763713081
161.0005685048323	159.65238502109705
161.34167140420695	160.36967721518988
161.6827743035816	159.7190147679325
162.0238772029562	160.14419303797467
162.36498010233086	159.84428691983123
162.7060830017055	159.4195210970464
163.04718590108016	159.25600105485233
163.3882888004548	159.3993670886076
163.72939169982945	160.8093934599156
164.0704945992041	159.83274683544303
164.41159749857874	159.5151329113924
164.7527003979534	160.06295358649788
165.09380329732804	159.72674156118143
165.43490619670268	159.68240084388185
165.77600909607733	159.03532383966245
166.11711199545195	158.8783670886076
166.4582148948266	159.80243037974682
166.79931779420124	159.29904430379747
167.1404206935759	159.57815084388184
167.48152359295054	159.912973628692
167.82262649232518	159.82136919831223
168.16372939169983	159.16147573839663
168.50483229107448	158.90059282700423
168.84593519044913	158.62834388185655
169.18703808982377	159.07389978902953
169.52814098919842	158.15075210970465
169.86924388857307	158.34075210970465
170.21034678794769	158.8082457805907
170.55144968732233	158.38332278481013
170.89255258669698	158.46391772151898
171.23365548607163	158.37519620253164
171.57475838544627	158.5390516877637
171.91586128482092	157.93447784810127
172.25696418419557	158.1129388185654
172.5980670835702	157.73382489451475
172.93916998294486	157.51970358649788
173.2802728823195	157.14864556962024
173.62137578169416	157.08966983122363
173.9624786810688	157.173305907173
174.30358158044345	158.01297679324895
174.64468447981807	157.63526898734176
174.98578737919271	157.6418681434599
175.32689027856736	157.48079430379747
175.667993177942	157.3111424050633
176.00909607731666	157.24985654008438
176.3501989766913	157.49810021097048
176.69130187606595	157.2996023206751
177.0324047754406	157.65659915611815
177.37350767481524	157.61720042194094
177.7146105741899	157.29083544303796
178.05571347356454	157.62537974683545
178.39681637293918	157.43827848101265
178.7379192723138	157.93139662447257
179.07902217168845	155.20215611814345
179.4201250710631	153.56324789029537
179.76122797043774	158.0789229957806
180.1023308698124	157.58692932489453
180.44343376918704	157.58196518987342
180.78453666856169	157.7338723628692
181.12563956793633	157.76112447257384
181.46674246731098	157.5487858649789
181.80784536668563	157.235305907173
182.14894826606027	158.77075105485233
182.49005116543492	156.8658976793249
182.83115406480954	156.53413291139242
183.1722569641842	156.72229430379747
183.51335986355883	156.55652215189875
183.85446276293348	156.65649789029536
184.19556566230813	156.54369620253163
184.53666856168277	156.334335443038
184.87777146105742	156.179667721519
185.21887436043207	155.99257278481014
185.55997725980671	156.06558333333334
185.90108015918136	156.09669514767933
186.242183058556	155.8070907172996
186.58328595793066	155.7929187763713
186.9243888573053	156.28667932489452
187.26549175667992	156.3049029535865
187.60659465605457	156.05661075949368
187.94769755542922	156.01049156118142
188.28880045480386	156.1931898734177
188.6299033541785	153.19887658227847
188.97100625355316	153.09785232067512
189.3121091529278	173.83299578059072
189.65321205230245	187.29172468354432
189.9943149516771	186.6283934599156
190.33541785105174	182.623694092827
190.6765207504264	139.91947362869197
191.01762364980104	137.01069303797468
191.35872654917566	137.34854957805908
191.6998294485503	137.18343037974682
192.04093234792495	136.98772362869198
192.3820352472996	136.76605274261604
192.72313814667424	136.38155907172995
193.0642410460489	136.27093670886077
193.40534394542354	136.36518776371307
193.7464468447982	136.0177510548523
194.08754974417283	136.1263122362869
194.42865264354748	135.7099229957806
194.76975554292213	135.37167299578059
195.11085844229677	134.95063396624474
195.4519613416714	134.88031856540084
195.79306424104604	134.801444092827
196.1341671404207	134.52941244725739
196.47527003979533	134.34441455696202
196.81637293916998	134.43398101265822
197.15747583854463	134.14449683544305
197.49857873791927	133.96384493670885
197.83968163729392	133.7142183544304
198.18078453666857	133.60606329113924
198.52188743604322	133.2420411392405
198.86299033541786	133.25782067510548
199.2040932347925	132.66026582278482
199.54519613416713	132.65351476793248
199.88629903354177	132.71827848101265
200.22740193291642	132.5971888185654
200.56850483229107	132.4035253164557
200.90960773166572	132.16645675105485
201.25071063104036	132.15982805907174
201.591813530415	131.79792510548523
201.93291642978966	131.72093776371307
202.2740193291643	131.46338291139242
202.61512222853895	131.3568765822785
202.9562251279136	131.1274388185654
203.29732802728824	130.99461075949367
203.6384309266629	130.8503628691983
203.9795338260375	130.80612341772152
204.32063672541216	130.58135021097047
204.6617396247868	130.50408333333334
205.00284252416145	130.25023206751055
205.3439454235361	129.848611814346
205.68504832291075	129.69520780590716
206.0261512222854	129.46209915611814
206.36725412166004	129.10807383966244
206.7083570210347	128.92022679324896
207.04945992040933	128.4586223628692
207.39056281978398	128.36014556962024
207.73166571915863	128.0724430379747
208.07276861853325	128.20265400843883
208.4138715179079	128.01883333333333
208.75497441728254	127.95956540084389
209.0960773166572	127.46819620253164
209.43718021603183	127.52967299578059
209.77828311540648	127.19711603375528
210.11938601478113	127.16671097046414
210.46048891415577	126.96224156118143
210.80159181353042	126.76705168776371
211.14269471290507	126.47357805907173
211.48379761227972	126.50599789029536
211.82490051165436	126.29931962025316
212.16600341102898	126.26849261603375
212.50710631040363	126.04536286919831
212.84820920977828	125.80949261603375
213.18931210915292	125.66913713080169
213.53041500852757	125.51645464135021
213.87151790790222	125.33671624472574
214.21262080727686	124.96779641350211
214.5537237066515	124.90438502109704
214.89482660602616	124.4677753164557
215.2359295054008	124.23590611814346
215.57703240477545	124.02812658227847
215.9181353041501	124.04012130801688
216.25923820352475	123.85712974683544
216.60034110289936	123.78591983122362
216.941444002274	123.41308016877637
217.28254690164866	122.98868776371307
217.6236498010233	122.79641033755274
217.96475270039795	122.4508470464135
218.3058555997726	121.84370569620253
218.64695849914725	121.73277215189873
218.9880613985219	121.41483227848101
219.32916429789654	121.35618143459915
219.6702671972712	121.35094620253165
220.01137009664583	121.19370358649789
220.35247299602048	121.07098206751054
220.6935758953951	120.77703270042194
221.03467879476975	120.80858122362869
221.3757816941444	120.72042194092828
221.71688459351904	120.55004008438819
222.0579874928937	120.26400632911393
222.39909039226833	120.1441888185654
222.74019329164298	119.69765717299578
223.08129619101763	119.66310548523207
223.42239909039228	119.55170147679326
223.76350198976692	119.00073101265822
224.10460488914157	118.6666476793249
224.44570778851622	118.30719514767932
224.78681068789083	118.21626265822785
225.12791358726548	118.2779282700422
225.46901648664013	117.92623734177215
225.81011938601478	117.6974641350211
226.15122228538942	117.46772890295358
226.49232518476407	117.09730801687763
226.83342808413872	117.01452426160337
227.17453098351336	116.38000105485231
227.515633882888	116.12445042194094
227.85673678226266	116.19471308016878
228.1978396816373	116.33652953586498
228.53894258101195	116.21274578059072
228.8800454803866	116.26677531645569
229.22114837976122	115.61729852320676
229.56225127913586	114.87923206751054
229.9033541785105	114.51163713080169
230.24445707788516	114.14667510548523
230.5855599772598	114.05704219409283
230.92666287663445	113.54576898734177
231.2677657760091	113.88170780590717
231.60886867538375	113.4597141350211
231.9499715747584	113.36967088607595
232.29107447413304	113.09342616033756
232.6321773735077	113.10667088607595
232.97328027288233	112.75911286919832
233.31438317225695	113.0956128691983
233.6554860716316	112.80514662447257
233.99658897100625	112.47997257383966
234.3376918703809	112.4797447257384
234.67879476975554	112.45187025316456
235.0198976691302	112.10188607594937
235.36100056850483	112.06879746835443
235.70210346787948	112.00339978902953
236.04320636725413	111.67332911392405
236.38430926662878	111.59090400843881
236.72541216600342	111.65765295358649
237.06651506537807	111.38915611814346
237.4076179647527	110.70585548523206
237.74872086412734	110.53430274261603
238.08982376350198	110.14887974683545
238.43092666287663	109.84126371308017
238.77202956225128	109.8915305907173
239.11313246162592	110.49674050632912
239.45423536100057	109.96243037974683
239.79533826037522	109.88901582278481
240.13644115974986	109.92915928270043
240.4775440591245	110.12583438818565
240.81864695849916	110.41852109704641
241.1597498578738	110.22357067510549
241.50085275724845	110.09772679324894
241.84195565662307	110.20585337552743
242.18305855599772	109.72560126582279
242.52416145537237	109.57886603375528
242.865264354747	109.24453902953587
243.20636725412166	109.02050210970464
243.5474701534963	108.75659915611814
243.88857305287095	108.50426476793248
244.2296759522456	108.34592194092826
244.57077885162025	108.20327004219409
244.9118817509949	107.73209071729958
245.25298465036954	107.75998206751055
245.5940875497442	107.29851476793249
245.9351904491188	107.33201793248945
246.27629334849345	106.57518565400844
246.6173962478681	106.53144620253164
246.95849914724275	106.18191350210971
247.2996020466174	106.3487753164557
247.64070494599204	106.18283333333333
247.9818078453667	105.77106012658228
248.32291074474134	105.834555907173
248.66401364411598	105.40487025316456
249.00511654349063	105.49528797468355
249.34621944286528	104.97354535864979
249.68732234223992	104.65408333333333
250.02842524161454	104.392888185654
250.3695281409892	104.35184810126583
250.71063104036384	104.52965084388185
251.05173393973848	104.32708333333333
251.39283683911313	104.189138185654
251.73393973848778	104.03267616033756
252.07504263786242	103.60072784810127
252.41614553723707	103.9150305907173
252.75724843661172	103.1417035864979
253.09835133598637	103.35072679324894
253.439454235361	102.88156962025316
253.78055713473566	103.01152320675105
254.1216600341103	102.72562130801688
254.46276293348492	102.93273945147679
254.80386583285957	102.75238818565401
255.14496873223422	102.76479219409282
255.48607163160887	102.81988818565401
255.8271745309835	102.58431751054853
256.16827743035816	102.64577109704642
256.5093803297328	102.28975210970464
256.85048322910745	102.24387447257384
257.1915861284821	101.796138185654
257.53268902785675	101.54004430379747
257.87379192723137	101.6830759493671
258.21489482660604	101.17354430379747
258.55599772598066	100.85694831223628
258.89710062535534	100.90940611814347
259.23820352472995	100.490444092827
259.57930642410463	100.17423417721518
259.92040932347925	100.27159493670887
260.2615122228539	100.08937552742616
260.60261512222854	99.83472257383966
260.94371802160316	99.8011635021097
261.28482092097784	100.03935970464136
261.62592382035245	99.4624641350211
261.96702671972713	99.42764767932489
262.30812961910175	98.90169725738397
262.6492325184764	98.64412658227847
262.99033541785104	98.93306962025316
263.3314383172257	98.35658333333333
263.67254121660034	98.49913924050632
264.013644115975	97.84344620253165
264.35474701534963	97.74675316455696
264.69584991472425	97.40646202531646
265.0369528140989	96.55483438818565
265.37805571347354	97.18892194092827
265.7191586128482	96.28330801687764
266.06026151222284	96.35558966244726
266.4013644115975	96.53159282700422
266.74246731097213	96.36580696202532
267.0835702103468	96.56247257383966
267.4246731097214	96.41756751054852
267.7657760090961	96.62754641350212
268.1068789084707	96.70847362869198
268.4479818078454	96.35394198312237
268.78908470722	96.41355379746835
269.13018760659463	96.03735759493671
269.4712905059693	96.0770611814346
269.8123934053439	95.53468143459915
270.1534963047186	95.99852426160338
270.4945992040932	95.26024894514768
270.8357021034679	95.12353797468354
271.1768050028425	95.92303902953587
271.5179079022172	95.72733016877638
271.8590108015918	95.66293248945148
272.2001137009665	94.70977848101266
272.5412166003411	94.17169514767933
272.8823194997158	94.15373101265823
273.2234223990904	93.9153976793249
273.564525298465	93.85653164556962
273.9056281978397	93.81069514767933
274.2467310972143	94.10728375527427
274.587833996589	93.44946835443038
274.9289368959636	93.78524789029535
275.2700397953383	92.57989978902954
275.6111426947129	93.14628691983123
275.9522455940876	92.35481540084388
276.2933484934622	91.73727953586499
276.63445139283687	91.44957805907173
276.9755542922115	91.47553481012658
277.3166571915861	91.45727109704642
277.6577600909608	91.89994092827004
277.9988629903354	91.20211814345991
278.3399658897101	90.74589029535865
278.6810687890847	90.92545253164558
279.02217168845937	91.2495970464135
279.363274587834	91.72044198312236
279.70437748720866	91.22200949367088
280.0454803865833	91.20020147679325
280.38658328595795	90.83727742616034
280.7276861853326	90.39955274261604
281.06878908470725	90.24362130801688
281.40989198408187	90.3036740506329
281.7509948834565	90.20338924050633
282.09209778283116	89.94811075949367
282.4332006822058	89.37883755274261
282.77430358158045	90.09250738396625
283.1154064809551	89.220305907173
283.45650938032975	89.31618565400844
283.79761227970437	89.1219229957806
284.13871517907904	89.22597046413502
284.47981807845366	89.02585759493671
284.82092097782834	88.38880696202531
285.16202387720296	87.96885654008439
285.50312677657763	87.58129852320675
285.84422967595225	87.54595253164557
286.18533257532687	87.64500105485232
286.52643547470154	86.92240717299578
286.86753837407616	87.22583016877637
287.20864127345084	87.29227320675105
287.54974417282546	87.47585337552742
287.89084707220013	87.6509746835443
288.23194997157475	88.28633649789029
288.5730528709494	87.40254852320675
288.91415577032404	87.51257594936709
289.2552586696987	87.81385654008439
289.59636156907334	87.83511075949367
289.93746446844796	88.25075738396625
290.27856736782263	88.08002637130802
290.61967026719725	88.08902637130802
290.9607731665719	88.694944092827
291.30187606594654	88.45961497890295
291.6429789653212	88.01952004219409
291.98408186469584	88.26078375527426
292.3251847640705	87.74847573839662
292.66628766344513	87.57502637130801
293.0073905628198	87.46277215189873
293.3484934621944	87.21977742616033
293.6895963615691	87.02219303797469
294.0306992609437	86.61895147679324
294.37180216031834	86.63069725738397
294.712905059693	86.53869092827004
295.05400795906763	86.23139135021097
295.3951108584423	85.92607594936709
295.7362137578169	85.8626223628692
296.0773166571916	86.07068565400844
296.4184195565662	85.49682489451477
296.7595224559409	86.2745717299578
297.1006253553155	86.41250316455697
297.4417282546902	85.47418248945148
297.7828311540648	85.44788818565401
298.1239340534395	85.52942088607595
298.4650369528141	85.34413607594936
298.8061398521887	85.12440717299577
299.1472427515634	85.65693248945148
299.488345650938	84.37889662447257
299.8294485503127	84.96019514767933
300.1705514496873	84.5297394514768
300.511654349062	84.05237658227848
300.8527572484366	84.46774578059072
301.1938601478113	84.22361392405064
301.5349630471859	83.89473734177216
301.8760659465606	83.94423734177215
302.2171688459352	84.03209071729958
302.5582717453098	83.97326265822785
302.8993746446845	83.89368143459916
303.2404775440591	84.08106540084388
303.5815804434338	83.78249789029536
303.9226833428084	83.73807594936709
304.2637862421831	83.29676898734178
304.6048891415577	83.47472784810127
304.94599204093237	83.30277953586499
305.287094940307	83.1554082278481
305.62819783968166	83.39833544303798
305.9693007390563	83.2053565400844
306.31040363843096	83.30819831223629
306.6515065378056	83.15028797468355
